1882
1885
1858
1655
1837
1842
1821
1804
1834
1800
1793
1924
1907
1712
1900
1704
1704
1887
1834
1770
1791
1893
1805
1676
1829
1921
1842
1902
1673
1816
1853
1908
1903
1804
1867
1918
1925
1923
1901
1777
1674
1924
1819
1838
1824
1628
1907
1877
1729
1858
1859
1827
1810
1912
1846
1858
1898
1835
1635
1878
1887
1872
1767
1821
1848
1729
1644
1820
1690
1776
1507
1861
1828
1838
1694
1785
1764
1822
1630
1703
1886
1885
1698
1890
1909
1670
1818
1761
1862
1858
1860
1875
1745
1817
1925
1925
1906
1806
1849
1882
1917
1885
1502
1923
1859
1862
1909
1844
1908
1747
1627
1915
1885
1740
1833
1859
1930
1694
1852
1921
1868
1835
1786
1885
1782
1836
1759
1890
1817
1726
1875
1902
1886
1887
1889
1886
1868
1842
1935
1522
1867
1870
1944
1777
1844
1806
1812
1908
1892
1646
1836
1902
1864
1889
1938
1754
1877
1761
1847
1859
1825
1739
1652
1884
1802
1773
1867
1632
1904
1893
1803
1872
1683
1884
1890
1875
1904
1775
1902
1923
1743
1964
1857
1882
1813
1890
1814
1899
1896
1905
1905
1889
1806
1826
1559
1814
1845
1861
1822
1776
1799
1726
1842
1915
1858
1786
1931
1804
1761
1896
1741
1918
1852
1759
1881
1665
1697
1680
1779
1856
1804
1835
1921
1887
1900
1868
1682
1780
1889
1724
1884
1886
1910
1714
1804
1870
1806
1897
1895
1828
1906
1885
1753
1781
1843
1817
1872
1886
1866
1716
1808
1928
1831
1797
1851
1697
1930
1902
1909
1562
1859
1861
1862
1912
1932
1905
1692
1822
1602
1826
1842
1848
1907
1580
1596
1793
1904
1860
1722
1866
1850
1846
1832
1883
1816
1891
1856
1811
1710
1606
1820
1682
1912
1917
1819
1878
1789
1909
1937
1647
1737
1736
1760
1887
1825
1809
1802
1756
1789
1680
1871
1865
1786
1824
1633
1801
1925
1777
1827
1748
1801
1856
1866
1841
1901
1846
1898
1756
1868
1705
1888
1840
1954
1935
1667
1934
1840
1876
1926
1926
1846
1892
1903
1919
1889
1888
1640
1879
1732
1790
1871
1613
1928
1699
1701
1855
1853
1864
1786
1776
1700
1748
1875
1871
1626
1867
1895
1852
1698
1510
1764
1916
1930
1867
1699
1864
1928
1844
1900
1882
1724
1883
1884
1692
1906
1944
1939
1873
1887
1898
1798
1852
1739
1799
1929
1933
1873
1884
1877
1845
1903
1503
1871
1642
1807
1775
1832
1906
1733
1861
1912
1703
1851
1821
1812
1837
1806
1620
1678
1806
1782
1654
1906
1757
1899
1888
1793
1822
1739
1924
1875
1887
1891
1758
1912
1815
1712
1882
1845
1775
1891
1802
1826
1276
1703
1708
1767
1851
1938
1866
1932
1923
1782
1866
1792
1918
1871
1878
1723
1648
1844
1944
1843
1781
1867
1930
1883
1505
1902
1667
1884
1873
1761
1919
1388
1842
1877
1899
1883
1731
1879
1942
1744
1823
1892
1857
1893
1865
1776
1937
1875
1937
1927
1923
1675
1887
1894
1856
1791
1829
1935
1869
1723
1883
1849
1836
1574
1394
1922
1878
1707
1614
1931
1623
1935
1855
1816
1852
1895
1854
1927
1760
1717
1706
1758
1900
1888
1902
1745
1802
1864
1832
1862
1947
1955
1867
1824
1845
1835
1891
1879
1895
1870
1941
1703
1902
1892
1537
1918
1867
1826
1772
1916
1902
1890
1799
1858
1918
1825
1856
1866
1888
1450
1798
1865
1918
1816
1935
1778
1885
1880
1936
1635
1849
1856
1753
1411
1851
1863
1827
1829
1946
1921
1860
1907
1881
1780
1898
1933
1883
1822
1893
1851
1878
1742
1834
1892
1873
1874
1684
1917
1846
1843
1815
1898
1825
1928
1919
1760
1887
1800
1855
1950
1876
1708
1795
1856
1751
1840
1841
1894
1786
1910
1783
1858
1842
1748
1856
1648
1899
1849
1712
1960
1918
1814
1890
1684
1877
1863
1860
1851
1844
1895
1853
1853
1857
1836
1793
1525
1415
1833
1866
1927
1835
1914
1829
1912
1599
1814
1829
1792
1864
1887
1802
1877
1655
1726
1912
1738
1788
1806
1838
1919
1813
1875
1950
1757
1816
1917
1850
1895
1883
1884
1888
1842
1702
1920
1903
1909
1617
1955
1918
1668
1759
1739
1905
1912
1866
1762
1826
1782
1691
1847
1939
1701
1915
1872
1610
1907
1761
1885
1788
1922
1941
1873
1857
1725
1920
1757
1791
1721
1864
1921
1793
1794
1672
1753
1932
1707
1836
1912
1845
1852
1828
1728
1801
1471
1910
1881
1788
1916
1841
1919
1746
1873
1797
1927
1868
1578
1840
1896
1956
1868
1837
1852
1863
1838
1814
1888
1819
1878
1820
1925
1724
1669
1808
1677
1878
1849
1913
1836
1800
1902
1895
1553
1685
1466
1669
1815
1810
1860
1919
1871
1836
1924
1699
1871
1708
1792
1863
1894
1894
1932
1751
1774
1732
1579
1903
1929
1853
1878
1937
1332
1902
1911
1795
1786
1867
1600
1890
1803
1735
1821
1900
1933
1757
1781
1821
1793
1844
1946
1904
1679
1816
1754
1793
1851
1783
1904
1905
1876
1813
1772
1816
1819
1829
1616
1835
1831
1914
1929
1924
1835
1792
1863
1851
1859
1883
1842
1767
1773
1765
1887
1642
1702
1738
1792
1531
1904
1849
1870
1871
1843
1817
1883
1692
1835
1903
1820
1918
1874
1877
1914
1825
1905
1853
1854
1954
1707
1850
1894
1928
1831
1730
1961
1818
1467
1931
1850
1882
1697
1826
1855
1831
1856
1823
1805
1830
1723
1734
1883
1907
1823
1810
1839
1834
1787
1749
1902
1650
1849
1929
1650
1885
1776
1853
1485
1880
1833
1916
1805
1768
1796
1786
1871
1850
1927
1836
1882
1720
1732
1861
1864
1721
1859
1720
1867
1734
1703
1882
1782
1845
1887
1890
1689
1914
1760
1907
1891
1846
1891
1866
1857
1931
1814
1769
1801
1873
1910
1725
1824
1711
1781
1903
1705
1644
1864
1898
1894
1937
1684
1922
1814
1720
1923
1747
1895
1910
1880
1747
1898
1782
1549
1904
1831
1891
1893
1882
1741
1903
1945
1856
1657
1870
1828
1915
1823
1884
1791
1863
1719
1831
1771
1738
1857
1777
1837
1726
1932
1858
1806
1817
1897
1888
1890
1871
1871
1889
1730
1879
1932
1657
1942
1884
1766
1876
1830
1858
1918
1598
1781
1950
1680
1920
1841
1762
1819
1859
1894
1757
1930
1740
1929
1951
1814
1698
1564
1852
1923
1869
1890
1809
1767
1872
1917
1774
1890
1793
1911
1932
1863
1886
1826
1874
1852
1858
1871
1696
1865
1691
1789
1919
1841
1850
1902
1775
1884
1922
1941
1883
1896
1918
1881
1871
1858
1937
1874
1680
1833
1835
1885
1850
1889
1911
1842
1822
1712
1855
1691
1860
1886
1780
1927
1711
1825
1801
1892
1799
1887
1743
1936
1847
1915
1816
1843
1789
1816
1713
1770
1863
1849
1780
1903
1925
1817
1916
1840
1868
1937
1684
1725
1868
1795
1909
1843
1851
1712
1925
1737
1832
1646
1854
1913
1762
1885
1849
1727
1561
1903
1816
1913
1806
1936
1892
1911
1850
1862
1915
1854
1759
1899
1697
1901
1707
1734
1858
1792
1824
1892
1838
1859
1927
1806
1880
1801
1940
1858
1847
1859
1917
1860
1850
1878
1867
1875
1855
1918
1854
1662
1907
1882
1927
1849
1896
1795
1944
1757
1671
1907
1808
1936
1838
1790
1823
1819
1751
1826
1798
1556
1904
1885
1819
1922
1831
1887
1812
1904
1812
1886
1700
1845
1923
1858
1884
1683
1886
1865
1769
1939
1879
1890
1914
1805
1878
1857
1711
1842
1831
1899
1811
1914
1910
1826
1743
1903
1880
1843
1863
1830
1792
1928
1799
1900
1664
1865
1628
1916
1740
1896
1861
1812
1877
1655
1918
1592
1937
1838
1870
1863
1754
1814
1824
1871
1809
1784
1853
1830
1865
1751
1842
1760
1820
1912
1873
1825
1655
1692
1908
1815
1803
1916
1926
1781
1928
1835
1921
1934
1862
1801
1778
1844
1762
1723
1870
1806
1752
1888
1862
1727
1816
1722
1925
1905
1903
1890
1867
1856
1807
1712
1823
1417
1804
1774
1699
1907
1922
1821
1573
1885
1871
1923
1806
1827
1680
1762
1823
1712
1872
1778
1685
1889
1772
1621
1760
1790
1895
1839
1819
1814
1794
1787
1835
1790
1820
1685
1800
1828
1877
1737
1688
1835
1887
1799
1748
1884
1651
1873
1773
1824
1828
1837
1841
1904
1906
1901
1701
1843
1933
1881
1793
1759
1868
1797
1762
1667
1899
1837
1894
1758
1851
1828
1917
1830
1888
1925
1915
1894
1895
1867
1905
1921
1726
1815
1813
1839
1861
1867
1816
1853
1841
1712
1882
1551
1878
1849
1544
1874
1823
1888
1849
1625
1793
1912
1884
1479
1917
1722
1863
1897
1643
1523
1904
1829
1848
1840
1891
1839
1839
1845
1801
1851
1897
1886
1781
1870
1890
1857
1876
1853
1833
1749
1904
1858
1882
1637
1728
1909
1636
1864
1752
1839
1928
1895
1738
1679
1868
1895
1785
1913
1867
1863
1937
1811
1883
1863
1909
1862
1896
1915
1815
1829
1573
1858
1832
1939
1765
1806
1786
1881
1821
1859
1932
1803
1838
1841
1680
1783
1943
1885
1868
1797
1762
1912
1951
1599
1874
1778
1849
1707
1727
1461
1932
1868
1911
1906
1831
1793
1938
1669
1499
1932
1813
1814
1821
1794
1844
1914
1882
1895
1775
1651
1601
1841
1881
1879
1905
1702
1869
1741
1656
1883
1629
1866
1896
1350
1910
1862
1907
1786
1751
1871
1839
1861
1841
1903
1616
1843
1750
1906
1940
1669
1820
1842
1674
1871
1591
1914
1912
1788
1854
1780
1947
1919
1808
1897
1877
1802
1894
1801
1909
1867
1901
1732
1886
1878
1808
1945
1834
1739
1862
1954
1814
1746
1722
1906
1728
1782
1860
1847
1565
1899
1895
1936
1894
1682
1825
1796
1820
1720
1825
1698
1809
1830
1831
1855
1822
1957
1733
1827
1896
1390
1930
1731
1768
1465
1945
1834
1842
1881
1893
1710
1878
1861
1697
1899
1900
1954
1835
1890
1806
1862
1862
1830
1768
1921
1925
1828
1636
1939
1783
1725
1761
1879
1932
1826
1809
1698
1794
1859
1869
1928
1862
1849
1763
1791
1858
1826
1833
1937
1835
1900
1919
1888
1792
1907
1714
1869
1841
1871
1839
1858
1755
1588
1862
1910
1906
1829
1800
1936
1908
1821
1887
1847
1808
1789
1837
1913
1926
1920
1844
1928
1887
1893
1817
1888
1835
1816
1846
1859
1837
1869
1928
1819
1910
1877
1918
1835
1909
1915
1898
1469
1654
1874
1882
1878
1737
1773
1876
1706
1858
1869
1802
1802
1937
1633
1855
1871
1782
1809
1857
1880
1774
1910
1900
1824
1900
1721
1885
1848
1888
1822
1850
1850
1833
1823
1867
1857
1852
1847
1815
1823
1942
1792
1738
1845
1867
1885
1769
1816
1816
1819
1824
1810
1879
1677
1767
1932
1900
1833
1890
1924
1818
1749
1311
1800
1782
1900
1780
1905
1727
1855
1838
1779
1896
1908
1863
1878
1871
1624
1871
1926
1859
1876
1823
1865
1740
1789
1679
1692
1936
1857
1633
1864
1914
1845
1883
1829
1831
1787
1892
1867
1705
1902
1852
1808
1900
1886
1895
1825
1845
1932
1835
1689
1868
1821
1910
1767
1660
1676
1809
1940
1892
1914
1823
1743
1869
1704
1878
1804
1837
1801
1902
1472
1610
1894
1845
1814
1782
1882
1884
1889
1887
1812
1810
1843
1719
1911
1912
1858
1828
1873
1931
1908
1882
1870
1838
1895
1879
1879
1774
1753
1513
1811
1830
1750
1799
1920
1725
1729
1876
1826
1909
1582
1826
1871
1816
1710
1704
1787
1855
1902
1819
1869
1765
1785
1843
1847
1898
1850
1746
1547
1864
1570
1894
1666
1601
1889
1843
1888
1710
1930
1750
1877
1785
1829
1879
1678
1862
1916
1829
1909
1894
1892
1848
1920
1849
1897
1824
1918
1882
1841
1925
1889
1542
1921
1828
1927
1842
1870
1902
1856
1645
1750
1855
1804
1909
1841
1895
1899
1859
1827
1907
1728
1875
1835
1901
1919
1837
1683
1734
1659
1897
1855
1730
1904
1830
1721
1781
1864
1778
1909
1435
1940
1894
1740
1883
1862
1863
1865
1783
1758
1724
1919
1875
1831
1812
1781
1841
1893
1923
1888
1903
1859
1655
1825
1873
1759
1922
1787
1756
1827
1569
1671
1728
1819
1910
1892
1928
1885
